0.70070989115002    -1.90616529707869
0.70099384761003    -1.90616807280166
0.70127780407004    -1.91203595116393
0.70156176053005    -1.9120387268869
0.70184571699006    -1.91790660524917
0.70212967345007    -1.91790938097214
0.70241362991008    -1.91791215669511
0.70269758637009    -1.92378003505738
0.70298154283009    -1.92378281078035
0.70326549929011    -1.92378558650332
0.70354945575012    -1.9237883622263
0.70383341221013    -1.92379113794927
0.70411736867013    -1.92379391367224
0.70440132513015    -1.92379668939521
0.70468528159016    -1.92379946511818
0.70496923805017    -1.92380224084115
0.70525319451017    -1.92380501656413
0.70553715097018    -1.92967289492639
0.70582110743018    -1.92967567064936
0.7061050638902    -1.92967844637234
0.70638902035021    -1.92968122209531
0.70667297681022    -1.92968399781828
0.70695693327023    -1.92968677354125
0.70724088973024    -1.92968954926422
0.70752484619025    -1.9296923249872
0.70780880265026    -1.92969510071017
0.70809275911027    -1.92969787643313
0.70837671557028    -1.92970065215611
0.70866067203029    -1.92970342787908
0.7089446284903    -1.92970620360206
0.70922858495031    -1.92970897932503
0.70951254141032    -1.9355768576873
0.70979649787033    -1.93557963341027
0.71008045433034    -1.93558240913323
0.71036441079035    -1.94145028749551
0.71064836725035    -1.94145306321847
0.71093232371036    -1.94145583894145
0.71121628017036    -1.94145861466442
0.71150023663038    -1.94146139038738
0.71178419309039    -1.94146416611037
0.7120681495504    -1.94146694183334
0.7123521060104    -1.94146971755631
0.71263606247042    -1.94147249327928
0.71292001893043    -1.94147526900224
0.71320397539044    -1.94147804472522
0.71348793185045    -1.9414808204482
0.71377188831046    -1.94148359617117
0.71405584477047    -1.94735147453344
0.71433980123048    -1.94735425025641
0.71462375769049    -1.94735702597938
0.7149077141505    -1.94735980170235
0.71519167061051    -1.94736257742532
0.71547562707052    -1.94736535314829
0.71575958353053    -1.94736812887127
0.71604353999053    -1.94737090459424
0.71632749645054    -1.94737368031721
0.71661145291054    -1.94737645604018
0.71689540937056    -1.95324433440245
0.71717936583057    -1.95324711012542
0.71746332229058    -1.95324988584839
0.71774727875058    -1.95325266157136
0.7180312352106    -1.95325543729434
0.71831519167061    -1.95325821301731
0.71859914813062    -1.95326098874028
0.71888310459062    -1.95326376446325
0.71916706105064    -1.95326654018622
0.71945101751065    -1.9532693159092
0.71973497397066    -1.95327209163217
0.72001893043067    -1.95327486735514
0.72030288689068    -1.95327764307811
0.72058684335069    -1.95328041880108
0.7208707998107    -1.95914829716335
0.72115475627071    -1.95915107288632
0.72143871273071    -1.95915384860929
0.72172266919072    -1.96502172697156
0.72200662565073    -1.96502450269453
0.72229058211074    -1.9650272784175
0.72257453857075    -1.96503005414048
0.72285849503076    -1.96503282986344
0.72314245149077    -1.96503560558642
0.72342640795078    -1.96503838130939
0.72371036441079    -1.96504115703236
0.7239943208708    -1.96504393275534
0.7242782773308    -1.9650467084783
0.72456223379082    -1.96504948420128
0.72484619025083    -1.96505225992425
0.72513014671084    -1.96505503564721
0.72541410317084    -1.97092291400949
0.72569805963086    -1.97092568973245
0.72598201609087    -1.97092846545543
0.72626597255088    -1.97093124117841
0.72654992901088    -1.97093401690138
0.72683388547089    -1.97093679262435
0.7271178419309    -1.97093956834731
0.72740179839091    -1.97094234407029
0.72768575485092    -1.97094511979326
0.72796971131093    -1.97681299815553
0.72825366777094    -1.9768157738785
0.72853762423095    -1.97681854960148
0.72882158069096    -1.98268642796374
0.72910553715097    -1.98268920368672
0.72938949361098    -1.98269197940969
0.72967345007099    -1.98269475513266
0.729957406531    -1.98269753085563
0.73024136299101    -1.9827003065786
0.73052531945102    -1.98270308230156
0.73080927591102    -1.98270585802455
0.73109323237104    -1.98857373638681
0.73137718883105    -1.98857651210979
0.73166114529106    -1.98857928783276
0.73194510175106    -1.98858206355573
0.73222905821107    -1.9885848392787
0.73251301467107    -1.98858761500167
0.73279697113109    -1.98859039072464
0.7330809275911    -1.98859316644762
0.73336488405111    -1.98859594217059
0.73364884051112    -1.98859871789356
0.73393279697113    -1.99446659625583
0.73421675343114    -1.9944693719788
0.73450070989115    -1.99447214770177
0.73478466635116    -1.99447492342474
0.73506862281117    -1.99447769914771
0.73535257927118    -1.99448047487069
0.73563653573119    -1.99448325059366
0.7359204921912    -1.99448602631663
0.73620444865121    -1.9944888020396
0.73648840511122    -1.99449157776257
0.73677236157123    -1.99449435348554
0.73705631803124    -1.99449712920851
0.73734027449124    -1.99449990493149
0.73762423095125    -1.99450268065446
0.73790818741125    -1.99450545637743
0.73819214387127    -2.0003733347397
0.73847610033128    -2.00037611046267
0.73876005679129    -2.00037888618564
0.73904401325129    -2.00624676454791
0.73932796971131    -2.00624954027088
0.73961192617132    -2.00625231599385
0.73989588263133    -2.00625509171683
0.74017983909133    -2.0062578674398
0.74046379555135    -2.00626064316277
0.74074775201136    -2.00626341888574
0.74103170847137    -2.00626619460871
0.74131566493138    -2.00626897033169
0.74159962139139    -2.00627174605466
0.7418835778514    -2.00627452177763
0.74216753431141    -2.0062772975006
0.74245149077142    -2.00628007322357
0.74273544723142    -2.01214795158584
0.74301940369143    -2.01215072730881
0.74330336015144    -2.01215350303178
0.74358731661145    -2.01215627875476
0.74387127307146    -2.01802415711702
0.74415522953147    -2.01802693283999
0.74443918599147    -2.01802970856297
0.74472314245149    -2.02389758692523
0.7450070989115    -2.02390036264821
0.74529105537151    -2.02390313837118
0.74557501183151    -2.02390591409415
0.74585896829153    -2.02390868981712
0.74614292475154    -2.02391146554009
0.74642688121155    -2.02391424126307
0.74671083767155    -2.02391701698604
0.74699479413157    -2.0297848953483
0.74727875059158    -2.02978767107128
0.74756270705159    -2.02979044679425
0.74784666351159    -2.02979322251722
0.7481306199716    -2.02979599824019
0.74841457643161    -2.02979877396316
0.74869853289162    -2.02980154968614
0.74898248935163    -2.02980432540911
0.74926644581164    -2.02980710113208
0.74955040227165    -2.02980987685505
0.74983435873166    -2.03567775521732
0.75011831519167    -2.03568053094029
0.75040227165168    -2.03568330666326
0.75068622811169    -2.03568608238623
0.75097018457169    -2.03568885810921
0.75125414103171    -2.03569163383218
0.75153809749172    -2.03569440955515
0.75182205395173    -2.03569718527812
0.75210601041173    -2.03569996100109
0.75238996687175    -2.04156783936336
0.75267392333176    -2.04157061508633
0.75295787979177    -2.0415733908093
0.75324183625177    -2.04157616653228
0.75352579271178    -2.04157894225525
0.75380974917179    -2.04744682061752
0.7540937056318    -2.04744959634049
0.75437766209181    -2.04745237206346
0.75466161855182    -2.04745514778643
0.75494557501183    -2.0474579235094
0.75522953147184    -2.04746069923237
0.75551348793185    -2.04746347495535
0.75579744439186    -2.04746625067831
0.75608140085187    -2.04746902640129
0.75636535731188    -2.04747180212426
0.75664931377189    -2.05333968048653
0.7569332702319    -2.0533424562095
0.75721722669191    -2.05334523193247
0.75750118315192    -2.05334800765544
0.75778513961193    -2.05335078337842
0.75806909607194    -2.05335355910139
0.75835305253195    -2.05335633482436
0.75863700899195    -2.05335911054733
0.75892096545196    -2.0533618862703
0.75920492191196    -2.05922976463257
0.75948887837198    -2.05923254035554
0.75977283483199    -2.05923531607851
0.760056791292    -2.05923809180149
0.760340747752    -2.05924086752446
0.76062470421202    -2.06510874588673
0.76090866067203    -2.0651115216097
0.76119261713204    -2.06511429733267
0.76147657359205    -2.06511707305564
0.76176053005206    -2.06511984877861
0.76204448651207    -2.07098772714088
0.76232844297208    -2.07099050286385
0.76261239943209    -2.07099327858682
0.7628963558921    -2.0709960543098
0.76318031235211    -2.07099883003277
0.76346426881212    -2.07686670839504
0.76374822527212    -2.07686948411801
0.76403218173213    -2.07687225984098
0.76431613819214    -2.07687503556395
0.76460009465214    -2.07687781128692
0.76488405111216    -2.07688058700989
0.76516800757217    -2.07688336273287
0.76545196403218    -2.07688613845584
0.76573592049218    -2.07688891417881
0.7660198769522    -2.07689168990178
0.76630383341221    -2.08275956826405
0.76658778987222    -2.08276234398702
0.76687174633222    -2.08276511970999
0.76715570279224    -2.08276789543296
0.76743965925225    -2.08277067115594
0.76772361571226    -2.0886385495182
0.76800757217227    -2.08864132524118
0.76829152863228    -2.08864410096415
0.76857548509229    -2.08864687668712
0.7688594415523    -2.08864965241009
0.7691433980123    -2.09451753077236
0.76942735447231    -2.09452030649533
0.76971131093232    -2.0945230822183
0.76999526739233    -2.09452585794127
0.77027922385234    -2.09452863366425
0.77056318031235    -2.09453140938722
0.77084713677236    -2.09453418511019
0.77113109323236    -2.09453696083316
0.77141504969238    -2.09453973655613
0.77169900615239    -2.0945425122791
0.7719829626124    -2.10041039064137
0.7722669190724    -2.10041316636434
0.77255087553242    -2.10041594208732
0.77283483199243    -2.10041871781029
0.77311878845244    -2.10042149353326
0.77340274491244    -2.10628937189553
0.77368670137246    -2.1062921476185
0.77397065783247    -2.10629492334147
0.77425461429248    -2.10629769906444
0.77453857075248    -2.10630047478741
0.77482252721249    -2.11216835314968
0.7751064836725    -2.11217112887265
0.77539044013251    -2.11217390459563
0.77567439659252    -2.1121766803186
0.77595835305253    -2.11217945604157
0.77624230951254    -2.11218223176454
0.77652626597255    -2.11218500748751
0.77681022243256    -2.11218778321048
0.77709417889257    -2.11219055893346
0.77737813535258    -2.11219333465643
0.77766209181259    -2.1180612130187
0.7779460482726    -2.11806398874167
0.77823000473261    -2.11806676446464
0.77851396119262    -2.11806954018761
0.77879791765262    -2.11807231591058
0.77908187411264    -2.11807509163355
0.77936583057265    -2.11807786735653
0.77964978703266    -2.1180806430795
0.77993374349266    -2.12394852144177
0.78021769995267    -2.12395129716474
0.78050165641267    -2.12395407288771
0.78078561287269    -2.12982195124998
0.7810695693327    -2.12982472697295
0.78135352579271    -2.12982750269592
0.78163748225272    -2.12983027841889
0.78192143871273    -2.12983305414186
0.78220539517274    -2.12983582986483
0.78248935163275    -2.12983860558781
0.78277330809276    -2.12984138131078
0.78305726455277    -2.13570925967305
0.78334122101278    -2.13571203539602
0.78362517747279    -2.13571481111899
0.7839091339328    -2.13571758684196
0.78419309039281    -2.13572036256493
0.78447704685282    -2.1415882409272
0.78476100331283    -2.14159101665017
0.78504495977283    -2.14159379237315
0.78532891623284    -2.14159656809612
0.78561287269285    -2.14159934381909
0.78589682915285    -2.14746722218136
0.78618078561287    -2.14746999790433
0.78646474207288    -2.1474727736273
0.78674869853289    -2.14747554935027
0.78703265499289    -2.14747832507323
0.78731661145291    -2.15334620343551
0.78760056791292    -2.15334897915848
0.78788452437293    -2.15335175488146
0.78816848083293    -2.15335453060443
0.78845243729295    -2.1533573063274
0.78873639375296    -2.15336008205037
0.78902035021297    -2.15336285777334
0.78930430667298    -2.15336563349631
0.78958826313299    -2.15336840921929
0.789872219593    -2.15337118494226
0.79015617605301    -2.15923906330453
0.79044013251301    -2.1592418390275
0.79072408897302    -2.15924461475047
0.79100804543303    -2.15924739047344
0.79129200189304    -2.15925016619641
0.79157595835305    -2.15925294191938
0.79185991481306    -2.15925571764236
0.79214387127307    -2.15925849336533
0.79242782773307    -2.1592612690883
0.79271178419309    -2.15926404481127
0.7929957406531    -2.16513192317354
0.79327969711311    -2.16513469889651
0.79356365357311    -2.16513747461948
0.79384761003313    -2.16514025034245
0.79413156649314    -2.16514302606543
0.79441552295315    -2.17101090442769
0.79469947941315    -2.17101368015067
0.79498343587317    -2.17101645587364
0.79526739233318    -2.17101923159661
0.79555134879319    -2.17102200731958
0.79583530525319    -2.17688988568185
0.7961192617132    -2.17689266140482
0.79640321817321    -2.17689543712779
0.79668717463322    -2.17689821285076
0.79697113109323    -2.17690098857374
0.79725508755324    -2.17690376429671
0.79753904401325    -2.17690654001968
0.79782300047326    -2.17690931574265
0.79810695693327    -2.17691209146562
0.79839091339328    -2.18277996982789
0.79867486985329    -2.18278274555086
0.79895882631329    -2.18278552127383
0.79924278277331    -2.1886533996361
0.79952673923332    -2.18865617535907
0.79981069569333    -2.18865895108205
0.80009465215333    -2.1945268294443
0.80037860861335    -2.19452960516729
0.80066256507336    -2.19453238089026
0.80094652153336    -2.19453515661323
0.80123047799337    -2.1945379323362
0.80151443445338    -2.19454070805917
0.80179839091339    -2.19454348378214
0.8020823473734    -2.19454625950512
0.80236630383341    -2.19454903522809
0.80265026029342    -2.19455181095106
0.80293421675343    -2.20041968931333
0.80321817321344    -2.2004224650363
0.80350212967345    -2.20042524075927
0.80378608613346    -2.20042801648224
0.80407004259347    -2.20043079220521
0.80435399905348    -2.20629867056748
0.80463795551349    -2.20630144629045
0.8049219119735    -2.20630422201343
0.80520586843351    -2.2063069977364
0.80548982489351    -2.20630977345937
0.80577378135353    -2.21217765182164
0.80605773781354    -2.21218042754461
0.80634169427354    -2.21218320326758
0.80662565073355    -2.21218597899055
0.80690960719356    -2.21218875471352
0.80719356365356    -2.21805663307579
0.80747752011358    -2.21805940879876
0.80776147657359    -2.21806218452174
0.8080454330336    -2.21806496024471
0.8083293894936    -2.21806773596768
0.80861334595362    -2.22393561432995
0.80889730241363    -2.22393839005292
0.80918125887364    -2.22394116577589
0.80946521533365    -2.22394394149886
0.80974917179366    -2.22394671722183
0.81003312825367    -2.2298145955841
0.81031708471368    -2.22981737130707
0.81060104117369    -2.22982014703005
0.8108849976337    -2.22982292275302
0.81116895409371    -2.22982569847598
0.81145291055372    -2.23569357683826
0.81173686701372    -2.23569635256123
0.81202082347373    -2.2356991282842
0.81230477993374    -2.23570190400717
0.81258873639374    -2.23570467973014
0.81287269285376    -2.24157255809241
0.81315664931377    -2.24157533381537
0.81344060577378    -2.24157810953836
0.81372456223378    -2.24158088526133
0.8140085186938    -2.2415836609843
0.81429247515381    -2.24158643670727
0.81457643161382    -2.24745431506954
0.81486038807382    -2.24745709079251
0.81514434453384    -2.24745986651548
0.81542830099385    -2.24746264223845
0.81571225745386    -2.24746541796143
0.81599621391387    -2.25333329632369
0.81628017037388    -2.25333607204667
0.81656412683389    -2.25333884776964
0.81684808329389    -2.25334162349261
0.8171320397539    -2.25334439921558
0.81741599621391    -2.25921227757785
0.81769995267392    -2.25921505330082
0.81798390913393    -2.25921782902379
0.81826786559394    -2.25922060474676
0.81855182205395    -2.25922338046974
0.81883577851396    -2.25922615619271
0.81911973497396    -2.26509403455498
0.81940369143398    -2.26509681027795
0.81968764789399    -2.26509958600092
0.819971604354    -2.26510236172389
0.820255560814    -2.26510513744686
0.82053951727402    -2.27097301580913
0.82082347373403    -2.2709757915321
0.82110743019404    -2.27097856725507
0.82139138665404    -2.27098134297804
0.82167534311406    -2.27098411870102
0.82195929957407    -2.27685199706329
0.82224325603407    -2.27685477278626
0.82252721249408    -2.27685754850923
0.82281116895409    -2.27686032423219
0.8230951254141    -2.27686309995517
0.82337908187411    -2.28273097831743
0.82366303833412    -2.28273375404041
0.82394699479413    -2.28273652976338
0.82423095125414    -2.28273930548636
0.82451490771415    -2.28274208120933
0.82479886417416    -2.28860995957159
0.82508282063417    -2.28861273529457
0.82536677709418    -2.28861551101754
0.82565073355419    -2.28861828674051
0.8259346900142    -2.28862106246348
0.82621864647421    -2.29448894082575
0.82650260293422    -2.29449171654872
0.82678655939422    -2.29449449227169
0.82707051585424    -2.29449726799466
0.82735447231425    -2.29450004371764
0.82763842877425    -2.3003679220799
0.82792238523426    -2.30037069780288
0.82820634169427    -2.30037347352585
0.82849029815427    -2.30037624924882
0.82877425461429    -2.30037902497179
0.8290582110743    -2.30624690333406
0.82934216753431    -2.30624967905703
0.82962612399432    -2.30625245478
0.82991008045433    -2.30625523050298
0.83019403691434    -2.30625800622595
0.83047799337435    -2.31212588458821
0.83076194983436    -2.31212866031119
0.83104590629437    -2.31213143603416
0.83132986275438    -2.31213421175713
0.83161381921439    -2.3121369874801
0.8318977756744    -2.31800486584237
0.83218173213441    -2.31800764156534
0.83246568859442    -2.31801041728831
0.83274964505443    -2.31801319301128
0.83303360151443    -2.31801596873426
0.83331755797444    -2.32388384709652
0.83360151443445    -2.32388662281949
0.83388547089445    -2.32388939854247
0.83416942735447    -2.32389217426544
0.83445338381448    -2.32389494998841
0.83473734027449    -2.32976282835068
0.83502129673449    -2.32976560407365
0.83530525319451    -2.32976837979662
0.83558920965452    -2.32977115551959
0.83587316611453    -2.32977393124257
0.83615712257454    -2.33564180960483
0.83644107903455    -2.33564458532781
0.83672503549456    -2.33564736105078
0.83700899195457    -2.33565013677374
0.83729294841458    -2.33565291249672
0.83757690487459    -2.34152079085899
0.8378608613346    -2.34152356658196
0.8381448177946    -2.34152634230493
0.83842877425461    -2.34152911802789
0.83871273071462    -2.34153189375088
0.83899668717463    -2.34739977211313
0.83928064363463    -2.34740254783612
0.83956460009465    -2.34740532355909
0.83984855655466    -2.34740809928206
0.84013251301467    -2.34741087500503
0.84041646947467    -2.3532787533673
0.84070042593469    -2.35328152909027
0.8409843823947    -2.35328430481324
0.84126833885471    -2.35328708053621
0.84155229531471    -2.35328985625919
0.84183625177473    -2.35915773462145
0.84212020823474    -2.35916051034443
0.84240416469475    -2.3591632860674
0.84268812115475    -2.35916606179037
0.84297207761477    -2.35916883751334
0.84325603407478    -2.36503671587561
0.84353999053478    -2.36503949159858
0.84382394699479    -2.36504226732155
0.8441079034548    -2.36504504304452
0.84439185991481    -2.3650478187675
0.84467581637482    -2.37091569712976
0.84495977283483    -2.37091847285274
0.84524372929484    -2.37092124857571
0.84552768575485    -2.37092402429868
0.84581164221486    -2.37679190266094
0.84609559867487    -2.37679467838392
0.84637955513488    -2.37679745410689
0.84666351159489    -2.38266533246916
0.84694746805489    -2.38266810819213
0.84723142451491    -2.3826708839151
0.84751538097492    -2.38853876227737
0.84779933743493    -2.38854153800034
0.84808329389493    -2.38854431372331
0.84836725035495    -2.38854708944629
0.84865120681496    -2.38854986516926
0.84893516327496    -2.39441774353152
0.84921911973497    -2.3944205192545
0.84950307619498    -2.39442329497747
0.84978703265499    -2.39442607070044
0.850070989115    -2.39442884642341
0.85035494557501    -2.40029672478568
0.85063890203502    -2.40029950050865
0.85092285849503    -2.40030227623162
0.85120681495504    -2.40030505195458
0.85149077141505    -2.40030782767757
0.85177472787506    -2.40617570603982
0.85205868433507    -2.40617848176281
0.85234264079508    -2.40618125748578
0.85262659725509    -2.40618403320875
0.8529105537151    -2.40618680893172
0.85319451017511    -2.41205468729399
0.85347846663511    -2.41205746301696
0.85376242309513    -2.41206023873993
0.85404637955512    -2.4120630144629
0.85433033601514    -2.41793089282517
0.85461429247515    -2.41793366854814
0.85489824893516    -2.41793644427112
0.85518220539516    -2.42380432263338
0.85546616185518    -2.42380709835636
0.85575011831519    -2.42380987407933
0.8560340747752    -2.4296777524416
0.8563180312352    -2.42968052816457
0.85660198769522    -2.42968330388754
0.85688594415523    -2.42968607961051
0.85716990061524    -2.43555395797278
0.85745385707525    -2.43555673369575
0.85773781353526    -2.43555950941872
0.85802176999527    -2.44142738778099
0.85830572645528    -2.44143016350396
0.85858968291529    -2.44143293922693
0.8588736393753    -2.4473008175892
0.85915759583531    -2.44730359331217
0.85944155229531    -2.44730636903514
0.85972550875532    -2.44730914475812
0.86000946521533    -2.44731192048109
0.86029342167534    -2.45317979884336
0.86057737813534    -2.45318257456633
0.86086133459536    -2.4531853502893
0.86114529105537    -2.45318812601226
0.86142924751538    -2.45319090173524
0.86171320397538    -2.4590587800975
0.8619971604354    -2.45906155582048
0.86228111689541    -2.45906433154345
0.86256507335542    -2.46493220990572
0.86284902981542    -2.46493498562869
0.86313298627544    -2.46493776135167
0.86341694273545    -2.47080563971393
0.86370089919546    -2.47080841543691
0.86398485565547    -2.47081119115988
0.86426881211548    -2.47667906952215
0.86455276857549    -2.47668184524512
0.86483672503549    -2.47668462096809
0.8651206814955    -2.47668739669106
0.86540463795551    -2.48255527505333
0.86568859441552    -2.4825580507763
0.86597255087553    -2.48256082649927
0.86625650733554    -2.48842870486154
0.86654046379555    -2.48843148058451
0.86682442025556    -2.48843425630748
0.86710837671556    -2.49430213466975
0.86739233317558    -2.49430491039272
0.86767628963559    -2.49430768611569
0.8679602460956    -2.49431046183867
0.8682442025556    -2.50017834020093
0.86852815901562    -2.50018111592391
0.86881211547563    -2.50018389164688
0.86909607193564    -2.50605177000915
0.86938002839564    -2.50605454573212
0.86966398485566    -2.50605732145508
0.86994794131566    -2.50606009717806
0.87023189777567    -2.51192797554032
0.87051585423568    -2.5119307512633
0.87079981069569    -2.51193352698627
0.8710837671557    -2.51193630270923
0.87136772361571    -2.51780418107151
0.87165168007572    -2.51780695679447
0.87193563653573    -2.51780973251746
0.87221959299574    -2.52367761087971
0.87250354945575    -2.5236803866027
0.87278750591576    -2.52368316232567
0.87307146237577    -2.52955104068794
0.87335541883578    -2.52955381641091
0.87363937529579    -2.52955659213388
0.8739233317558    -2.52955936785685
0.87420728821581    -2.52956214357982
0.87449124467582    -2.53543002194209
0.87477520113582    -2.53543279766506
0.87505915759584    -2.53543557338803
0.87534311405583    -2.53543834911101
0.87562707051585    -2.54130622747327
0.87591102697586    -2.54130900319625
0.87619498343587    -2.54131177891922
0.87647893989587    -2.54717965728148
0.87676289635589    -2.54718243300446
0.8770468528159    -2.54718520872743
0.87733080927591    -2.5530530870897
0.87761476573592    -2.55305586281267
0.87789872219593    -2.55305863853564
0.87818267865594    -2.55306141425861
0.87846663511595    -2.55892929262088
0.87875059157596    -2.55893206834385
0.87903454803597    -2.55893484406682
0.87931850449598    -2.56480272242909
0.87960246095599    -2.56480549815206
0.879886417416    -2.57067337651433
0.88017037387601    -2.57067615223729
0.88045433033602    -2.57067892796027
0.88073828679601    -2.57654680632253
0.88102224325603    -2.57654958204551
0.88130619971604    -2.57655235776849
0.88159015617605    -2.58242023613075
0.88187411263605    -2.58242301185373
0.88215806909607    -2.5824257875767
0.88244202555608    -2.58829366593896
0.88272598201609    -2.58829644166194
0.88300993847609    -2.58829921738491
0.88329389493611    -2.59416709574718
0.88357785139612    -2.59416987147015
0.88386180785613    -2.59417264719312
0.88414576431614    -2.60004052555539
0.88442972077615    -2.60004330127836
0.88471367723616    -2.60004607700133
0.88499763369617    -2.6000488527243
0.88528159015618    -2.60591673108657
0.88556554661619    -2.60591950680954
0.88584950307619    -2.60592228253251
0.8861334595362    -2.61179016089478
0.88641741599621    -2.61179293661775
0.88670137245622    -2.61179571234073
0.88698532891623    -2.61766359070299
0.88726928537623    -2.61766636642596
0.88755324183625    -2.61766914214894
0.88783719829626    -2.61767191787191
0.88812115475627    -2.62353979623418
0.88840511121627    -2.62354257195715
0.88868906767629    -2.62354534768012
0.8889730241363    -2.62941322604239
0.88925698059631    -2.62941600176535
0.88954093705631    -2.62941877748833
0.88982489351633    -2.63528665585059
0.89010884997634    -2.63528943157357
0.89039280643635    -2.63529220729654
0.89067676289635    -2.63529498301951
0.89096071935637    -2.64116286138178
0.89124467581637    -2.64116563710475
0.89152863227638    -2.64116841282773
0.89181258873639    -2.64703629118998
0.8920965451964    -2.64703906691297
0.89238050165641    -2.65290694527522
0.89266445811642    -2.65290972099821
0.89294841457643    -2.65291249672118
0.89323237103644    -2.65878037508344
0.89351632749645    -2.65878315080642
0.89380028395646    -2.66465102916868
0.89408424041647    -2.66465380489166
0.89436819687648    -2.66465658061463
0.89465215333649    -2.6705244589769
0.89493610979649    -2.67052723469987
0.89522006625651    -2.67053001042284
0.89550402271652    -2.67639788878511
0.89578797917653    -2.67640066450808
0.89607193563653    -2.67640344023105
0.89635589209655    -2.68227131859332
0.89663984855654    -2.68227409431629
0.89692380501656    -2.68814197267856
0.89720776147657    -2.68814474840153
0.89749171793658    -2.6940126267638
0.89777567439659    -2.69401540248677
0.8980596308566    -2.69401817820974
0.89834358731661    -2.69988605657201
0.89862754377662    -2.69988883229498
0.89891150023663    -2.70575671065725
0.89919545669664    -2.70575948638022
0.89947941315665    -2.70576226210319
0.89976336961666    -2.71163014046546
0.90004732607667    -2.71163291618843
0.90033128253668    -2.7116356919114
0.90061523899669    -2.71750357027366
0.9008991954567    -2.71750634599664
0.90118315191671    -2.71750912171962
0.90146710837671    -2.72337700008188
0.90175106483673    -2.72337977580486
0.90203502129672    -2.72338255152783
0.90231897775674    -2.7292504298901
0.90260293421675    -2.72925320561307
0.90288689067676    -2.73512108397534
0.90317084713676    -2.73512385969831
0.90345480359678    -2.73512663542128
0.90373876005679    -2.74099451378355
0.9040227165168    -2.74099728950652
0.9043066729768    -2.74686516786879
0.90459062943682    -2.74686794359176
0.90487458589683    -2.74687071931473
0.90515854235684    -2.752738597677
0.90544249881685    -2.75274137339997
0.90572645527686    -2.75860925176224
0.90601041173687    -2.75861202748521
0.90629436819688    -2.76447990584748
0.90657832465689    -2.76448268157045
0.9068622811169    -2.77035055993271
0.9071462375769    -2.77035333565569
0.90743019403691    -2.77622121401795
0.90771415049692    -2.77622398974093
0.90799810695693    -2.78209186810319
0.90828206341694    -2.78209464382617
0.90856601987694    -2.78796252218843
0.90884997633696    -2.78796529791141
0.90913393279697    -2.79383317627367
0.90941788925698    -2.79383595199665
0.90970184571698    -2.79383872771962
0.909985802177    -2.79970660608189
0.91026975863701    -2.79970938180486
0.91055371509702    -2.80557726016713
0.91083767155702    -2.8055800358901
0.91112162801704    -2.81144791425237
0.91140558447705    -2.81145068997534
0.91168954093706    -2.81731856833761
0.91197349739707    -2.81732134406058
0.91225745385708    -2.82318922242285
0.91254141031708    -2.82319199814582
0.91282536677709    -2.82905987650809
0.9131093232371    -2.82906265223106
0.91339327969711    -2.83493053059332
0.91367723615712    -2.8349333063163
0.91396119261713    -2.84080118467856
0.91424514907714    -2.84080396040154
0.91452910553715    -2.8466718387638
0.91481306199716    -2.84667461448678
0.91509701845716    -2.85254249284904
0.91538097491718    -2.85254526857201
0.91566493137719    -2.85254804429499
0.9159488878372    -2.85841592265725
0.9162328442972    -2.86428380101952
0.91651680075722    -2.86428657674249
0.91651680075722    -2.87015167938179
0.91680075721723    -2.87015445510476
0.91708471367724    -2.87602233346702
0.91736867013724    -2.87602510919
0.91765262659726    -2.88189298755226
0.91793658305726    -2.88189576327524
0.91822053951727    -2.88189853899821
0.91850449597728    -2.88776641736048
0.91878845243729    -2.88776919308345
0.9190724088973    -2.89363707144572
0.91935636535731    -2.89363984716869
0.91964032181732    -2.89950772553096
0.91992427827733    -2.89951050125393
0.92020823473734    -2.9053783796162
0.92049219119735    -2.90538115533917
0.92077614765736    -2.90538393106213
0.92106010411737    -2.91125180942441
0.92134406057738    -2.91125458514738
0.92162801703738    -2.91712246350965
0.9219119734974    -2.91712523923262
0.92219592995741    -2.92299311759489
0.92247988641742    -2.92886099595716
0.92276384287742    -2.92886377168013
0.92304779933743    -2.9347316500424
0.92333175579743    -2.94059952840467
0.92361571225745    -2.94060230412764
0.92389966871746    -2.94647018248991
0.92418362517747    -2.94647295821288
0.92446758163747    -2.95234083657515
0.92475153809749    -2.95820871493741
0.9250354945575    -2.95821149066039
0.92531945101751    -2.96407936902265
0.92560340747752    -2.96408214474563
0.92588736393753    -2.96995002310789
0.92617132039754    -2.97581790147016
0.92645527685755    -2.97582067719313
0.92673923331756    -2.9816885555554
0.92702318977757    -2.98169133127837
0.92702318977757    -2.98755643391767
0.92730714623758    -2.98755920964064
0.92759110269759    -2.99342708800291
0.9278750591576    -2.99929496636518
0.92815901561761    -2.99929774208815
0.92815901561761    -3.00516284472744
0.92844297207761    -3.00516562045042
0.92872692853761    -3.01103349881268
0.92901088499763    -3.01690137717495
0.92929484145764    -3.01690415289792
0.92957879791765    -3.02277203126019
0.92986275437765    -3.02863990962246
0.93014671083767    -3.02864268534543
0.93043066729768    -3.0345105637077
0.93071462375769    -3.03451333943067
0.93071462375769    -3.04037844206997
0.93099858021769    -3.04038121779294
0.93128253667771    -3.04624909615521
0.93156649313772    -3.04625187187818
0.93185044959773    -3.05211975024045
0.93213440605774    -3.05212252596342
0.93241836251775    -3.05799040432569
0.93270231897776    -3.06385828268796
0.93298627543777    -3.06386105841093
0.93298627543777    -3.06972616105022
0.93327023189778    -3.06972893677319
0.93355418835779    -3.07559681513546
0.93383814481779    -3.08146469349773
0.9341221012778    -3.0814674692207
0.9341221012778    -3.08733257186
0.93440605773781    -3.08733534758297
0.93469001419782    -3.09320322594524
0.93497397065783    -3.09907110430751
0.93525792711783    -3.09907388003048
0.93525792711783    -3.10493898266977
0.93554188357785    -3.10494175839275
0.93582584003786    -3.11080963675501
0.93610979649787    -3.11667751511728
0.93639375295787    -3.11668029084025
0.93639375295787    -3.12254539347955
0.93667770941789    -3.12254816920252
0.9369616658779    -3.12841604756479
0.93724562233791    -3.12841882328776
0.93724562233791    -3.13428392592706
0.93752957879791    -3.13428670165003
0.93781353525793    -3.1401545800123
0.93809749171794    -3.14602245837456
0.93838144817795    -3.15189033673683
0.93866540463795    -3.1518931124598
0.93866540463795    -3.1577582150991
0.93894936109796    -3.15776099082207
0.93923331755797    -3.16362886918434
0.93951727401798    -3.16949674754661
0.93951727401798    -3.1753618501859
0.93980123047799    -3.17536462590888
0.93980123047799    -3.18122972854816
0.940085186938    -3.18709760691044
0.94036914339801    -3.19296548527271
0.94065309985802    -3.19296826099568
0.94065309985802    -3.19883336363498
0.94093705631803    -3.19883613935795
0.94122101277804    -3.20470401772022
0.94150496923805    -3.21057189608248
0.94178892569806    -3.21057467180546
0.94178892569806    -3.21643977444475
0.94207288215807    -3.21644255016772
0.94235683861808    -3.22231042852999
0.94264079507809    -3.22231320425296
0.94292475153809    -3.22818108261523
0.94320870799811    -3.2281838583382
0.94349266445812    -3.23405173670047
0.94377662091813    -3.23991961506274
0.94377662091813    -3.24578471770203
0.94406057737813    -3.24578749342501
0.94406057737813    -3.2516525960643
0.94434453383814    -3.25752047442657
0.94462849029814    -3.26338835278883
0.94491244675816    -3.26339112851181
0.94491244675816    -3.26925623115111
0.94519640321817    -3.26925900687407
0.94548035967818    -3.27512688523635
0.94576431613819    -3.2809947635986
0.9460482725982    -3.28099753932159
0.9460482725982    -3.28686264196088
0.94633222905821    -3.28686541768384
0.94661618551822    -3.29273329604612
0.94690014197823    -3.29860117440839
0.94690014197823    -3.30446627704769
0.94718409843824    -3.30446905277066
0.94718409843824    -3.31033415540995
0.94746805489825    -3.31620203377222
0.94775201135826    -3.32206991213449
0.94803596781827    -3.32207268785746
0.94803596781827    -3.32793779049676
0.94831992427828    -3.32794056621973
0.94860388073829    -3.333808444582
0.9488878371983    -3.33967632294426
0.94917179365831    -3.34554420130653
0.94945575011831    -3.3514120796688
0.94973970657832    -3.35727995803107
0.95002366303832    -3.36314783639334
0.95002366303832    -3.36901293903263
0.95030761949834    -3.37488081739489
0.95059157595835    -3.38074869575717
0.95059157595835    -3.38661379839647
0.95087553241836    -3.39248167675873
0.95115948887836    -3.3924844524817
0.95115948887836    -3.398349555121
0.95144344533838    -3.39835233084397
0.95172740179839    -3.40422020920624
0.9520113582584    -3.41008808756851
0.9520113582584    -3.4159531902078
0.95229531471841    -3.41595596593078
0.95229531471841    -3.42182106857007
0.95257927117842    -3.42768894693234
0.95286322763843    -3.43355682529461
0.95286322763843    -3.4394219279339
0.95314718409844    -3.43942470365688
0.95314718409844    -3.44528980629617
0.95343114055845    -3.45115768465844
0.95371509701846    -3.45702556302071
0.95371509701846    -3.46289066566
0.95399905347847    -3.46289344138298
0.95399905347847    -3.46875854402227
0.95428300993848    -3.47462642238454
0.95456696639849    -3.4804943007468
0.9548509228585    -3.48049707646978
0.9548509228585    -3.48636217910908
0.9551348793185    -3.48636495483205
0.9554188357785    -3.49223283319432
0.95570279223852    -3.49810071155657
0.95570279223852    -3.50396581419588
0.95598674869853    -3.50396858991885
0.95598674869853    -3.50983369255815
0.95627070515854    -3.51570157092042
0.95655466161854    -3.52156944928268
0.95655466161854    -3.52743455192198
0.95683861807856    -3.52743732764495
0.95683861807856    -3.53330243028425
0.95712257453857    -3.53917030864652
0.95740653099858    -3.54503818700878
0.95740653099858    -3.55090328964808
0.95769048745858    -3.55090606537105
0.95769048745858    -3.55677116801035
0.9579744439186    -3.56263904637261
0.95825840037861    -3.56850692473488
0.95854235683862    -3.57437480309715
0.95854235683862    -3.58023990573645
0.95882631329862    -3.58024268145942
0.95882631329862    -3.58610778409871
0.95911026975864    -3.59197566246098
0.95939422621865    -3.59784354082324
0.95939422621865    -3.60370864346255
0.95967818267866    -3.60371141918552
0.95967818267866    -3.60957652182482
0.95996213913867    -3.61544440018708
0.96024609559867    -3.62131227854935
0.96024609559867    -3.62717738118865
0.96053005205868    -3.62718015691162
0.96053005205868    -3.63304525955092
0.96081400851869    -3.63891313791318
0.9610979649787    -3.64478101627545
0.96138192143871    -3.65064889463772
0.96138192143871    -3.65651399727702
0.96166587789872    -3.66238187563928
0.96194983435873    -3.66824975400155
0.96194983435873    -3.67411485664085
0.96223379081874    -3.67998273500312
0.96223379081874    -3.68584783764241
0.96251774727875    -3.69171571600467
0.96280170373876    -3.69758359436695
0.96308566019876    -3.70345147272922
0.96308566019876    -3.70931657536851
0.96336961665878    -3.71518445373077
0.96336961665878    -3.72104955637008
0.96365357311879    -3.72105233209305
0.96365357311879    -3.72691743473234
0.9639375295788    -3.73278531309461
0.9639375295788    -3.73865041573391
0.9642214860388    -3.74451829409618
0.9642214860388    -3.75038339673547
0.96450544249882    -3.75625127509774
0.96450544249882    -3.76211637773704
0.96450544249882    -3.76798148037633
0.96478939895883    -3.7738493587386
0.96507335541884    -3.77971723710087
0.96507335541884    -3.78558233974016
0.96535731187884    -3.79145021810243
0.96564126833885    -3.7973180964647
0.96564126833885    -3.803183199104
0.96592522479886    -3.80905107746626
0.96592522479886    -3.81491618010556
0.96620918125887    -3.81491895582853
0.96620918125887    -3.82078405846782
0.96649313771888    -3.8266519368301
0.96649313771888    -3.83251703946939
0.96677709417889    -3.83838491783166
0.96677709417889    -3.84425002047096
0.96677709417889    -3.85011512311025
0.9670610506389    -3.85598300147252
0.9670610506389    -3.86184810411182
0.96734500709891    -3.86771598247409
0.96734500709891    -3.87358108511338
0.96734500709891    -3.87944618775268
0.96762896355892    -3.88531406611495
0.96762896355892    -3.89117916875424
0.96791292001893    -3.89704704711651
0.96791292001893    -3.90291214975581
0.96791292001893    -3.9087772523951
0.96819687647894    -3.91464513075737
0.96819687647894    -3.92051023339667
0.96848083293895    -3.92637811175893
0.96848083293895    -3.93224321439823
0.96876478939896    -3.93811109276049
0.96876478939896    -3.94397619539979
0.96904874585897    -3.94984407376206
0.96904874585897    -3.95570917640135
0.96904874585897    -3.96157427904064
0.96933270231898    -3.96744215740292
0.96933270231898    -3.97330726004222
0.96933270231898    -3.9791723626815
0.96961665877898    -3.98504024104378
0.96961665877898    -3.99090534368308
0.96961665877898    -3.99677044632238
0.969900615239    -4.00263832468464
0.969900615239    -4.00850342732394
0.97018457169901    -4.00850620304691
0.97018457169901    -4.01437130568621
0.97046852815902    -4.02023918404848
0.97075248461902    -4.02610706241074
0.97075248461902    -4.03197216505004
0.97103644107903    -4.03197494077301
0.97103644107903    -4.03784004341231
0.97132039753903    -4.04370792177458
0.97132039753903    -4.04957302441387
0.97132039753903    -4.05543812705317
0.97160435399905    -4.06130600541544
0.97160435399905    -4.06717110805473
0.97160435399905    -4.07303621069403
0.97160435399905    -4.07890131333332
0.97188831045906    -4.08476919169559
0.97188831045906    -4.09063429433489
0.97188831045906    -4.09649939697418
0.97217226691907    -4.10236727533645
0.97217226691907    -4.10823237797575
0.97245622337907    -4.11410025633802
0.97245622337907    -4.11996535897731
0.97274017983909    -4.12583323733958
0.97274017983909    -4.13169833997888
0.9730241362991    -4.13756621834114
0.9730241362991    -4.14343132098044
0.9730241362991    -4.14929642361974
0.97330809275911    -4.155164301982
0.97330809275911    -4.1610294046213
0.97359204921912    -4.16689728298357
0.97359204921912    -4.17276238562287
0.97359204921912    -4.17862748826216
0.97387600567913    -4.18449536662443
0.97387600567913    -4.19036046926373
0.97415996213914    -4.19622834762599
0.97415996213914    -4.20209345026529
0.97415996213914    -4.20795855290459
0.97444391859915    -4.21382643126685
0.97444391859915    -4.21969153390615
0.97472787505916    -4.22555941226842
0.97472787505916    -4.2314245149077
0.97472787505916    -4.23728961754701
0.97501183151917    -4.24315749590928
0.97501183151917    -4.24902259854857
0.97501183151917    -4.25488770118787
0.97529578797918    -4.26075557955014
0.97529578797918    -4.26662068218943
0.97529578797918    -4.27248578482873
0.97529578797918    -4.27835088746803
0.97557974443919    -4.2842187658303
0.97557974443919    -4.29008386846959
0.97557974443919    -4.29594897110889
0.97557974443919    -4.30181407374818
0.9758637008992    -4.30768195211045
0.9758637008992    -4.31354705474974
0.9758637008992    -4.31941215738904
0.97614765735921    -4.32528003575131
0.97614765735921    -4.3311451383906
0.97614765735921    -4.3370102410299
0.97643161381921    -4.34287811939217
0.97643161381921    -4.34874322203147
0.97643161381921    -4.35460832467075
0.97643161381921    -4.36047342731006
0.97671557027921    -4.36634130567233
0.97671557027921    -4.37220640831161
0.97671557027921    -4.37807151095092
0.97699952673923    -4.38393938931319
0.97699952673923    -4.38980449195248
0.97699952673923    -4.39566959459178
0.97728348319924    -4.40153747295405
0.97728348319924    -4.40740257559335
0.97728348319924    -4.41326767823264
0.97728348319924    -4.41913278087194
0.97728348319924    -4.42499788351123
0.97756743965925    -4.4308657618735
0.97756743965925    -4.4367308645128
0.97756743965925    -4.44259596715209
0.97756743965925    -4.44846106979139
0.97785139611925    -4.45432894815365
0.97785139611925    -4.46019405079295
0.97785139611925    -4.46605915343225
0.97813535257927    -4.47192703179452
0.97813535257927    -4.47779213443381
0.97813535257927    -4.48365723707311
0.97841930903928    -4.48952511543538
0.97841930903928    -4.49539021807468
0.97841930903928    -4.50125532071397
0.97841930903928    -4.50712042335327
0.97841930903928    -4.51298552599256
0.97870326549929    -4.51885340435483
0.97870326549929    -4.52471850699413
0.97870326549929    -4.53058360963342
0.97870326549929    -4.53644871227272
0.97898722195929    -4.54231659063499
0.97898722195929    -4.54818169327428
0.97898722195929    -4.55404679591358
0.97927117841931    -4.55991467427584
0.97927117841931    -4.56577977691514
0.97927117841931    -4.57164487955444
0.97955513487932    -4.5775127579167
0.97955513487932    -4.583377860556
0.97955513487932    -4.5892429631953
0.97955513487932    -4.5951080658346
0.97983909133933    -4.60097594419687
0.97983909133933    -4.60684104683616
0.97983909133933    -4.61270614947546
0.98012304779934    -4.61857402783773
0.98012304779934    -4.62443913047702
0.98012304779934    -4.63030423311632
0.98040700425935    -4.63617211147859
0.98040700425935    -4.64203721411788
0.98040700425935    -4.64790231675718
0.98040700425935    -4.65376741939647
0.98069096071936    -4.65963529775874
0.98069096071936    -4.66550040039804
0.98069096071936    -4.67136550303734
0.98097491717937    -4.6772333813996
0.98097491717937    -4.68309848403889
0.98097491717937    -4.6889635866782
0.98125887363938    -4.69483146504046
0.98125887363938    -4.70069656767975
0.98125887363938    -4.70656167031906
0.98125887363938    -4.71242677295835
0.98125887363938    -4.71829187559765
0.98154283009938    -4.72415975395992
0.98154283009938    -4.73002485659921
0.98154283009938    -4.73588995923851
0.98154283009938    -4.7417550618778
0.98154283009938    -4.7476201645171
0.98154283009938    -4.7534852671564
0.98182678655939    -4.75935314551866
0.98182678655939    -4.76521824815796
0.98182678655939    -4.77108335079726
0.98182678655939    -4.77694845343655
0.98182678655939    -4.78281355607585
0.9821107430194    -4.78868143443812
0.9821107430194    -4.79454653707741
0.9821107430194    -4.80041163971671
0.9821107430194    -4.80627674235601
0.9821107430194    -4.8121418449953
0.98239469947941    -4.81800972335757
0.98239469947941    -4.82387482599687
0.98239469947941    -4.82973992863616
0.98239469947941    -4.83560503127546
0.98239469947941    -4.84147013391475
0.98267865593942    -4.84733801227702
0.98267865593942    -4.85320311491632
0.98267865593942    -4.85906821755562
0.98267865593942    -4.8649333201949
0.98267865593942    -4.87079842283421
0.98296261239943    -4.87666630119648
0.98296261239943    -4.88253140383577
0.98296261239943    -4.88839650647507
0.98296261239943    -4.89426160911436
0.98324656885943    -4.90012948747663
0.98324656885943    -4.90599459011593
0.98324656885943    -4.91185969275522
0.98324656885943    -4.91772479539452
0.98353052531945    -4.92359267375679
0.98353052531945    -4.92945777639608
0.98353052531945    -4.93532287903538
0.98353052531945    -4.94118798167468
0.98381448177946    -4.94705586003694
0.98381448177946    -4.95292096267624
0.98381448177946    -4.95878606531554
0.98381448177946    -4.96465116795483
0.98409843823947    -4.97051904631709
0.98409843823947    -4.9763841489564
